1.0 1.03139458 1.06567268 1.10308198 1.14389269 1.18839888
1.23691965 1.28980006 1.34741153 1.41015175 1.47844381 1.5527343
1.63349004 1.72119328 1.81633478 1.91940464 2.03088032 2.15121167
2.28080253 2.4199892  2.56901538 2.72800484 2.89693202 3.07559225
3.26357343 3.46023148 3.66467208 3.87574153 4.09202933 4.31188424
4.53344499 4.75468532 4.97347157 5.18762967 5.39501721 5.5935955
5.78149622 5.95707864 6.11897306 6.26610883 6.39772627 6.5133734
6.61288939 6.69637781 6.76417294 6.81680156 6.85494399 6.87939595
6.89103332 6.89078071 6.87958457 6.85839089 6.82812754 6.78969069
6.74393497 6.69166678 6.63364024 6.57055523 6.50305709 6.43173758
6.35713671 6.2797452  6.20000742 6.11832443 6.03505722 5.95052987
5.86503265 5.77882502 5.69213842 5.60517891 5.5181296  5.43115292
5.34439263 5.25797576 5.17201425 5.08660655 5.00183898 4.91778699
4.83451631 4.75208397 4.67053917 4.58992415 4.51027491 4.43162187
4.35399044 4.27740159 4.20187228 4.12741592 4.05404275 3.98176015
3.91057298 3.84048384 3.77149332 3.70360021 3.63680174 3.5710937
3.50647064 3.44292601 3.38045227 3.31904104 3.25868318 3.19936888
3.14108777 3.08382899 3.02758123 2.97233285 2.91807187 2.86478608
2.81246305 2.76109017 2.71065471 2.66114385 2.61254469 2.5648443
2.51802972 2.47208802 2.42700627 2.38277162 2.33937125 2.29679244
2.25502253 2.21404901 2.17385944 2.13444151 2.09578305 2.05787203
2.02069656 1.9842449  1.94850546 1.91346683 1.87911774 1.84544712
1.81244404 1.78009778 1.74839776 1.71733362 1.68689516 1.65707236
1.6278554  1.59923465 1.57120066 1.54374417 1.51685611 1.49052761
1.46475    1.43951479 1.41481368 1.39063858 1.3669816  1.34383505
1.32119141 1.2990434  1.27738391 1.25620607 1.23550317 1.21526874
1.19549652 1.17618043 1.15731464 1.13889351 1.12091164 1.10336383
1.08624513 1.0695508  1.05327635 1.03741752 1.02197031 1.00693095
0.99229595 0.97806207 0.96422636 0.95078612 0.93773899 0.92508287
0.912816   0.90093693 0.88944458 0.87833818 0.86761739 0.8572822
0.84733307 0.83777086 0.82859689 0.81981297 0.81142142 0.80342511
0.79582747 0.78863257 0.78184513 0.77547057 0.76951505 0.76398557
0.75888998 0.75423706 0.75003661 0.74629952 0.74303785 0.74026493
0.73799549 0.73624573 0.73503352 0.73437847 0.73430216 0.73482825
0.73598273 0.7377941  0.74029363 0.7435156  0.74749763 0.75228095
0.75791083 0.76443691 0.77191367 0.78040091 0.7899643  0.80067592
0.81261501 0.82586857 0.84053224 0.85671114 0.87452077 0.89408812
0.9155527  0.93906779 0.9648017  0.99293915 1.02368263 1.05725395
1.09389564 1.13387242 1.17747255 1.22500915 1.27682105 1.33327333
1.39475752 1.46169082 1.53451446 1.61369082 1.69969902 1.79302855
1.89417063 2.003607   2.12179557 2.24915297 2.38603364 2.53270569
2.68932401 2.85590129 3.03227798 3.21809372 3.41276147 3.61544757
3.82506021 4.04024897 4.2594176  4.48075117 4.70225788 4.92182382
5.13727804 5.34646403 5.54731206 5.73790779 5.91655191 6.08180716
6.23253018 6.36788714 6.48735397 6.59070276 6.67797718 6.74945998
6.80563573 6.84715181 6.87477984 6.88937965 6.89186689 6.88318501
6.86428186 6.83609102 6.79951719 6.7554256  6.70463455 6.64791083
6.58596729 6.5194622  6.44899989 6.37513247 6.29836212 6.21914396
6.13788904 6.05496759 5.97071216 5.8854208  5.79936001 5.71276766
5.6258556  5.53881219 5.45180457 5.36498077 5.27847163 5.19239253
5.106845   5.02191812 4.93768981 4.85422802 4.77159175 4.68983199
4.60899257 4.5291109  4.45021868 4.37234246 4.2955042  4.2197218
4.14500947 4.07137816 3.99883591 3.92738814 3.85703797 3.78778646
3.7196328  3.65257458 3.58660789 3.5217276  3.45792738 3.39519992
3.33353703 3.27292974 3.21336841 3.15484278 3.09734209 3.04085515
2.98537038 2.93087589 2.87735951 2.82480885 2.77321135 2.72255432
2.67282493 2.62401032 2.57609754 2.52907366 2.48292573 2.43764082
2.39320605 2.34960861 2.30683574 2.26487477 2.22371315 2.18333842
2.14373825 2.10490044 2.0668129  2.02946373 1.99284114 1.95693351
1.92172939 1.88721747 1.85338664 1.82022592 1.78772456 1.75587194
1.72465764 1.69407142 1.66410323 1.6347432  1.60598165 1.57780909
1.55021621 1.5231939  1.49673324 1.47082551 1.44546217 1.42063489
1.39633554 1.37255616 1.349289   1.32652654 1.30426141 1.28248648
1.26119481 1.24037966 1.22003449 1.200153   1.18072907 1.1617568
1.14323052 1.12514475 1.10749426 1.09027404 1.07347929 1.05710547
1.04114826 1.02560359 1.01046765 0.99573688 0.98140797 0.96747789
0.95394392 0.94080358 0.92805472 0.9156955  0.9037244  0.89214024
0.88094219 0.87012978 0.85970295 0.84966203 0.84000778 0.83074142
0.82186463 0.81337961 0.8052891  0.79759638 0.79030539 0.78342066
0.77694746 0.77089178 0.76526039 0.76006094 0.75530199 0.75099309
0.74714485 0.74376906 0.74087872 0.73848824 0.73661344 0.7352718
0.73448249 0.7342666  0.73464729 0.73564997 0.73730254 0.73963556
0.74268259 0.74648042 0.75106941 0.75649382 0.76280221 0.77004787
0.77828929 0.7875907  0.7980226  0.80966245 0.82259534 0.83691481
0.85272361 0.87013471 0.88927226 0.91027268 0.93328588 0.95847649
0.98602518 1.0161301  1.04900835 1.08489737 1.12405648 1.16676825
1.21333981 1.26410379 1.31941899 1.37967069 1.44527015 1.51665305
1.59427709 1.67861792 1.77016326 1.86940483 1.97682779 2.09289718
2.2180412  2.35263108 2.49695787 2.65120597 2.81542441 2.98949734
3.1731146  3.36574504 3.56661504 3.7746946  3.98869412 4.20707396
4.42806778 4.6497213  4.86994407 5.08657236 5.29743967 5.50044917
5.69364379 5.87526835 6.04381984 6.19808305 6.33715001 6.46042383
6.5676081  6.65868465 6.73388268 6.79364232 6.83857581 6.86942862
6.88704272 6.8923232  6.88620917 6.86964934 6.84358211 6.80892017
6.76653889 6.71726825 6.66188757 6.60112265 6.53564468 6.4660707
6.39296504 6.31684151 6.23816614 6.15736016 6.0748032  5.9908365
5.90576601 5.81986547 5.7333793  5.6465253  5.5594972  5.47246699
5.38558705 5.29899214 5.21280117 5.12711882 5.04203701 4.9576362
4.87398662 4.79114929 4.70917704 4.62811532 4.54800301 4.4688731
4.39075331 4.31366666 4.23763196 4.16266427 4.08877526 4.01597366
3.94426547 3.87365434 3.80414178 3.73572743 3.66840921 3.60218359
3.53704569 3.47298946 3.41000781 3.34809276 3.2872355  3.22742654
3.16865577 3.11091255 3.05418577 2.99846394 2.94373524 2.88998757
2.83720857 2.78538575 2.7345064  2.68455776 2.63552696 2.58740107
2.54016715 2.49381226 2.44832346 2.40368785 2.35989261 2.31692496
2.27477222 2.2334218  2.19286122 2.15307812 2.11406026 2.07579554
2.03827199 2.00147782 1.96540135 1.9300311  1.89535572 1.86136405
1.82804509 1.79538803 1.76338221 1.73201717 1.70128264 1.6711685
1.64166485 1.61276196 1.5844503  1.55672051 1.52956344 1.50297012
1.47693179 1.45143987 1.42648596 1.40206189 1.37815967 1.3547715
1.33188978 1.30950714 1.28761637 1.26621049 1.24528271 1.22482645
1.20483535 1.18530324 1.16622417 1.14759242 1.12940246 1.11164901
1.09432699 1.07743157 1.06095813 1.04490231 1.02925997 1.01402725
0.99920051 0.9847764  0.97075182 0.95712396 0.94389029 0.93104859
0.91859694 0.90653374 0.89485773 0.88356799 0.87266397 0.86214551
0.85201284 0.84226662 0.83290795 0.82393842 0.81536008 0.80717555
0.79938799 0.79200115 0.78501945 0.77844795 0.77229247 0.76655961
0.76125678 0.75639234 0.75197558 0.74801687 0.74452768 0.74152075
0.73901011 0.73701126 0.73554126 0.73461888 0.73426472 0.73450144
0.7353539  0.73684938 0.73901779 0.74189196 0.74550788 0.74990502
0.75512669 0.76122039 0.76823825 0.77623747 0.78528087 0.79543741
0.80678282 0.81940034 0.83338139 0.84882647 0.86584604 0.88456148
0.90510621 0.92762681 0.95228431 0.97925541 1.00873401 1.04093256
1.07608354 1.11444094 1.15628167 1.20190694 1.25164324 1.3058431
1.36488554 1.42917572 1.49914372 1.5752423  1.6579433  1.74773222
1.84510069 1.95053653 2.06451096 2.18746263 2.3197783  2.46177037
2.61365107 2.77550426 2.94725605 3.12864491 3.31919446 3.51819024
3.72466393 3.93738726 4.15487831 4.37542174 4.59710372 4.81786077
5.03554046 5.24797031 5.45303048 5.64872465 5.83324464 6.00502371
6.16277588 6.30551929 6.43258358 6.54360255 6.63849446 6.71743285
6.78081121 6.82920443 6.86332976 6.8840094  6.89213626 6.88864376
6.87448029 6.85058827 6.81788767 6.7772636  6.72955738 6.67556074
6.61601232 6.55159631 6.48294254 6.41062765 6.33517725 6.25706844
6.17673283 6.09455964 6.01089893 5.92606476 5.84033826 5.75397056
5.66718556 5.58018247 5.49313826 5.40620978 5.3195358  5.23323887
5.14742688 5.06219468 4.97762533 4.89379139 4.81075599 4.7285738
4.64729198 4.56695088 4.48758484 4.40922278 4.33188879 4.25560263
4.18038022 4.10623401 4.03317338 3.96120497 3.89033295 3.82055932
3.75188415 3.68430574 3.6178209  3.55242505 3.4881124  3.42487612
3.3627084  3.30160063 3.24154348 3.18252697 3.12454057 3.0675733
3.01161375 2.95665015 2.90267048 2.84966245 2.79761356 2.74651119
2.69634257 2.64709484 2.59875511 2.55131042 2.50474783 2.4590544
2.41421723 2.37022347 2.32706033 2.2847151  2.24317517 2.20242804
2.16246131 2.12326272 2.08482013 2.04712155 2.01015513 1.97390918
1.93837215 1.90353268 1.86937956 1.83590174 1.80308837 1.77092876
1.73941241 1.70852898 1.67826833 1.64862051 1.61957574 1.59112445
1.56325724 1.5359649  1.50923844 1.48306902 1.45744802 1.43236703
1.40781779 1.38379229 1.36028266 1.33728129 1.31478072 1.29277372
1.27125324 1.25021246 1.22964475 1.20954368 1.18990306 1.17071687
1.15197934 1.13368489 1.11582819 1.09840411 1.08140774 1.06483444
1.04867977 1.03293955 1.01760983 1.00268694 0.98816745 0.9740482
0.96032631 0.94699919 0.93406454 0.92152037 0.909365   0.89759708
0.88621562 0.87521998 0.8646099  0.85438551 0.84454739 0.83509651
0.82603434 0.81736283 0.80908447 0.80120226 0.79371983 0.78664143
0.77997196 0.77371707 0.76788314 0.76247742 0.757508   0.75298397
0.74891542 0.74531357 0.74219083 0.73956092 0.73743898 0.73584169
0.73478738 0.73429624 0.73439039 0.73509417 0.73643426 0.73843991
0.74114325 0.74457947 0.74878721 0.75380882 0.75969078 0.76648406
0.77424463 0.78303391 0.79291935 0.80397503 0.81628231 0.82993062
0.84501822 0.8616531  0.87995396 0.90005126 0.92208835 0.94622269
0.97262715 1.00149141 1.03302338 1.06745064 1.10502195 1.14600862
1.19070601 1.23943454 1.29254046 1.3503965  1.41340173 1.4819804
1.55658017 1.6376688  1.7257291  1.82125206 1.92472745 2.03663177
2.157413   2.2874722  2.42714164 2.57665982 2.73614378 2.90555978
3.08469352 3.27312187 3.47018881 3.67498721 3.88635056 4.10285589
4.32284072 4.54443445 4.76560403 4.98421218 5.19808466 5.40508254
5.60317401 5.79050085 5.96543483 6.12662053 6.27300257 6.40383669
6.5186858  6.61740292 6.70010397 6.7671336  6.81902714 6.85647152
6.88026723 6.89129327 6.89047593 6.8787621  6.85709729 6.82640807
6.78758875 6.7414917  6.68892082 6.63062755 6.56730908 6.49960805
6.42811361 6.35336326 6.27584537 6.19600208 6.11423239 6.03089538
5.94631338 5.86077508 5.77453848 5.68783369 5.60086559 5.51381622
5.42684701 5.34010088 5.25370405 5.16776777 5.08238985 4.99765605
4.91364131 4.8304109  4.74802144 4.66652177 4.58595381 4.50635327
4.42775029 4.35017007 4.27363335 4.19815693 4.12375404 4.05043476
3.97820635 3.90707356 3.83703886 3.76810277 3.70026399 3.63351967
3.56786554 3.50329609 3.43980471 3.37738384