10.0         10.35335354 10.71215291 11.07544088 11.4420921 11.81079632
12.18004111 12.54809399 12.91298689 13.27250053 13.62415178 13.96518456
14.2925658  14.60298809 14.89288175 15.15843693 15.39564001 15.60032525
15.76824441 15.89515569 15.97693332 16.00969527 15.98994902 15.91474953
15.78186263 15.5899246  15.33858635 15.02862967 14.66204242 14.24204141
13.77303466 13.26051947 12.71091878 12.13136425 11.52944064 10.91290939
10.28943312  9.66631812  9.0502947   8.44734534  7.86258796 7.30021464
6.76348209  6.25474572  5.77552691  5.32660498  4.90812147 4.51968959
4.16050148  3.82942829  3.5251099   3.24603256  2.99059391  2.75715583
2.54408604  2.34978962  2.17273208  2.01145522  1.86458718  1.73084788
1.6090511   1.49810369  1.39700287  1.30483244  1.22075785  1.14402095
1.07393446  1.00987636  0.95128449  0.89765127  0.84851883  0.80347426
0.76214542  0.72419688  0.6893264   0.65726156  0.62775678  0.60059063
0.57556335  0.5524947   0.53122192  0.511598    0.49349009  0.47677804
0.46135313  0.44711698  0.43398046  0.42186279  0.41069076  0.40039796
0.39092414  0.38221461  0.37421975  0.3668945   0.36019795  0.35409297
0.34854589  0.34352614  0.33900606  0.33496057  0.33136701  0.32820492
0.32545588  0.32310334  0.32113245  0.31953     0.31828425  0.31738485
0.31682273  0.31659005  0.3166801   0.31708724  0.31780686  0.3188353
0.32016983  0.32180859  0.32375059  0.32599563  0.32854431  0.331398
0.33455884  0.33802968  0.34181411  0.34591644  0.3503417   0.35509563
0.36018467  0.36561601  0.37139753  0.37753785  0.38404634  0.39093311
0.39820904  0.40588581  0.41397588  0.42249255  0.43144996  0.44086313
0.45074797  0.46112133  0.47200102  0.48340583  0.4953556   0.50787123
0.52097473  0.53468927  0.54903921  0.56405016  0.57974902  0.59616405
0.61332491  0.63126272  0.65001012  0.66960134  0.69007227  0.71146051
0.73380546  0.75714839  0.78153251  0.80700307  0.83360743  0.86139515
0.89041807  0.92073044  0.95238898  0.98545299  1.01998446  1.05604817
1.09371181  1.13304609  1.17412483  1.21702512  1.26182743  1.30861568
1.35747744  1.40850402  1.46179059  1.51743634  1.57554456  1.63622277
1.69958293  1.76574143  1.83481932  1.90694239  1.98224126  2.06085148
2.14291364  2.22857348  2.31798187  2.41129493  2.50867405  2.61028592
2.71630242  2.82690065  2.94226284  3.06257618  3.18803271  3.31882906
3.45516609  3.59724866  3.74528509  3.89948661  4.06006683  4.22724086
4.40122445  4.58223301  4.7704803   4.96617699  5.1695292   5.38073646
5.59998953  5.82746802  6.06333757  6.30774667  6.56082294  6.82266905
7.09335808  7.37292826  7.66137714  7.95865488  8.26465698  8.579216
8.90209244  9.23296468  9.57141787  9.91693177 10.26886766 10.62645386
10.98877064 11.35473425 11.72307998 12.09234469 12.46084986 12.826685
13.18769166 13.54145038 13.88527046 14.21618474 14.53095041 14.82605833
15.09775307 15.34206532 15.55485987 15.73190082 15.8689358  15.96180051
16.00654237 15.9995622  15.93777038 15.81874902 15.64091373 15.40366253
15.1075     14.75412326 14.34645813 13.88863638 13.38590901 12.84449667
12.27138495 11.6740753  11.06031285 10.43780778  9.81397261  9.19569204
8.58913894  7.99964423  7.43162273  6.88855182  6.37299582  5.88666684
5.43051139  5.00481266  4.60929951  4.24325474  3.9056172   3.59507424
3.31014222  3.04923463  2.81071768  2.59295448  2.39433888  2.21332034
2.04842144  1.89824912  1.76150125  1.63696929  1.5235381   1.42018378
1.32596995  1.24004314  1.16162754  1.09001953  1.02458209  0.96473932
0.90997113  0.85980827  0.81382754  0.77164749  0.73292431  0.69734819
0.6646399   0.63454774  0.60684477  0.5813263   0.55780762  0.536122
0.51611884  0.49766204  0.48062857  0.46490711  0.4503969   0.4370067
0.42465384  0.41326336  0.40276732  0.39310406  0.38421761  0.37605718
0.36857667  0.36173422  0.35549185  0.34981507  0.34467263  0.34003619
0.33588007  0.33218105  0.32891818  0.32607256  0.32362721  0.3215669
0.31987802  0.3185485   0.31756767  0.31692616  0.31661585  0.31662977
0.31696202  0.31760775  0.3185631   0.3198251   0.3213917   0.32326169
0.3254347   0.32791113  0.33069219  0.33377981  0.33717669  0.34088624
0.34491261  0.34926065  0.35393592  0.35894472  0.36429404  0.36999159
0.37604584  0.38246596  0.38926189  0.39644433  0.40402475  0.41201544
0.4204295   0.42928086  0.43858433  0.44835561  0.45861131  0.46936902
0.4806473   0.49246573  0.50484495  0.51780672  0.5313739   0.54557059
0.56042209  0.57595499  0.59219722  0.6091781   0.6269284   0.64548039
0.66486792  0.68512648  0.70629325  0.72840721  0.75150917  0.77564187
0.80085007  0.82718062  0.85468255  0.88340715  0.9134081   0.9447415
0.97746604  1.01164306  1.04733667  1.08461387  1.12354461  1.164202
1.20666231  1.25100521  1.29731379  1.34567474  1.39617847  1.44891922
1.50399521  1.56150873  1.6215663   1.68427882  1.74976162  1.81813462
1.88952248  1.96405464  2.04186551  2.12309447  2.20788601  2.29638978
2.38876065  2.48515875  2.58574949  2.69070355  2.8001968   2.91441026
3.03352995  3.15774679  3.28725631  3.42225842  3.56295706  3.70955975
3.86227712  4.02132228  4.18691003  4.35925608  4.53857602  4.72508411
4.91899191  5.12050675  5.32982993  5.54715448  5.77266293  6.00652456
6.2488922   6.49989874  6.75965323  7.02823628  7.30569489  7.59203679
7.88722402  8.19116581  8.50371049  8.82463657  9.15364291  9.49033779
9.8342273  10.18470199 10.54102307 10.90230757 11.26751225 11.63541689
12.00460691 12.37345662 12.74011222 13.10247545 13.45818978 13.80462976
14.13889406 14.45780488 14.75791505 15.03552512 15.28671287 15.5073774
15.69329973 15.84022299 15.94395113 16.00046895 16.00607999 15.95755879
15.85231295 15.68854593 15.46541001 15.18313736 14.84313644 14.44804045
14.00170043 13.50911273 12.97628425 12.41003994 11.81778277 11.20722535
10.58611088  9.96194494  9.34175622  8.73190058  8.13791782  7.56444425
7.0151793   6.49289991  5.99951364  5.53614006  5.1032102   4.7005747
4.3276128   3.98333631  3.66648459  3.37560801  3.10913899  2.86545058
2.64290319  2.4398808   2.25481783  2.08621823  1.93266816  1.79284353
1.66551345  1.54954073  1.44388008  1.34757473  1.25975195  1.17961797
1.10645253  1.03960327  0.97848027  0.92255065  0.8713335   0.8243951
0.78134446  0.74182918  0.70553167  0.67216574  0.6414734   0.61322208
0.58720199  0.56322389  0.54111693  0.52072685  0.50191423  0.48455306
0.46852936  0.45373994  0.44009141  0.42749913  0.41588639  0.40518363
0.39532776  0.38626151  0.37793291  0.37029478  0.36330431  0.3569226
0.35111439  0.34584766  0.3410934   0.33682534  0.33301969  0.32965497
0.32671182  0.3241728   0.32202229  0.3202463   0.31883241  0.31776963
0.31704827  0.31665994  0.31659739  0.31685447  0.31742611  0.31830819
0.31949754  0.32099191  0.32278987  0.32489087  0.32729513  0.33000366
0.33301822  0.33634134  0.33997625  0.34392692  0.34819805  0.35279502
0.35772396  0.3629917   0.36860577  0.37457446  0.38090677  0.38761247
0.39470205  0.40218683  0.41007888  0.41839111  0.42713726  0.43633191
0.44599056  0.45612961  0.46676639  0.47791924  0.48960749  0.50185154
0.51467285  0.52809405  0.54213891  0.55683246  0.57220097  0.58827205
0.60507469  0.6226393   0.64099779  0.66018364  0.68023193  0.70117944
0.72306471  0.7459281   0.76981191  0.7947604   0.82081991  0.84803894
0.87646825  0.90616093  0.93717251  0.96956104  1.00338724  1.03871453
1.07560922  1.11414057  1.15438089  1.19640572  1.2402939   1.2861277
1.33399293  1.38397912  1.43617959  1.49069159  1.54761643  1.60705963
1.66913103  1.73394488  1.80162003  1.87227998  1.94605304  2.02307242
2.10347629  2.18740793  2.27501577  2.36645346  2.46187988  2.56145917
2.66536073  2.77375921  2.88683441  3.0047712   3.12775935  3.25599332
3.389672    3.52899842  3.67417928  3.82542452  3.98294672  4.14696035
4.317681    4.49532439  4.68010521  4.87223579  5.07192464  5.27937465
5.49478101  5.718329    5.95019133  6.190525    6.43946801  6.69713547
6.96361515  7.23896249  7.52319519  7.81628682  8.11815982  8.4286777
8.74763639  9.07475463  9.40966334  9.75189399 10.10086584 10.45587208
10.81606547 11.18044232 11.547826   11.91684969 12.2859394  12.65329705
13.01688381 13.3744056  13.72330172 14.06073668 14.38359805 14.68850155
14.97180547 15.22963713 15.45793326 15.65249641 15.80907046 15.92343479
15.99151942 16.00953903 15.97414136 15.88256906 15.73282194 15.52381388
15.25551023 14.92903353 14.54672476 14.11214947 13.63004168 13.10618376
12.54722632 11.96045873 11.35354497 10.73424621 10.11014741  9.48841015
8.87556518  8.2773562   7.69863915  7.14333642  6.61444067  6.11405956
5.6434914   5.20332126  4.79352773  4.41359239  4.06260535  3.73936268
3.44245273  3.17033021  2.92137759  2.69395464  2.48643699  2.29724504
2.12486487  1.96786226  1.82489133  1.6946989   1.57612562  1.46810461
1.36965845  1.27989487  1.19800183  1.12324211  1.05494773  0.99251442
0.9353962   0.88310029  0.83518215  0.79124103  0.7509157   0.71388065
0.67984251  0.64853687  0.61972534  0.59319295  0.56874578  0.54620878
0.5254239   0.50624835  0.48855306  0.47222128  0.4571474   0.44323576
0.43039973  0.4185608   0.40764776  0.39759605  0.38834708  0.37984765
0.3720495   0.3649088   0.35838577  0.35244431  0.34705164  0.34217809
0.33779675  0.33388325  0.3304156   0.32737392  0.32474036  0.32249885
0.32063506  0.31913618  0.31799089  0.31718922  0.31672245  0.31658309
0.31676472  0.31726203  0.31807066  0.31918724  0.32060929  0.3223352
0.3243642   0.32669634  0.32933244  0.33227408  0.33552361  0.33908411
0.34295935  0.34715387  0.3516729   0.35652237  0.36170894  0.36724
0.37312364  0.3793687   0.38598474  0.39298212  0.40037193  0.40816607
0.41637725  0.425019    0.43410572  0.44365266  0.45367602  0.46419292
0.47522143  0.48678066  0.49889073  0.51157288  0.52484942  0.53874388
0.55328096  0.56848664  0.58438821  0.60101432  0.61839504  0.63656192
0.65554806  0.67538816  0.69611858  0.71777744  0.74040466  0.76404207
0.78873346  0.81452466  0.84146367  0.86960069  0.89898824  0.92968127
0.96173722  0.99521617  1.03018088  1.06669698  1.104833    1.14466053
1.18625433  1.22969243  1.27505628  1.32243086  1.37190478  1.42357044
1.47752417  1.53386629  1.59270132  1.65413805  1.71828968  1.78527394
1.85521323  1.92823471  2.00447039  2.08405729  2.16713746  2.25385808
2.34437156  2.43883553  2.53741288  2.64027178  2.74758565  2.85953305
2.97629767  3.09806812  3.22503776  3.35740447  3.49537031  3.63914118
3.78892628  3.94493761  4.1073893   4.27649674  4.45247568  4.63554118
4.82590633  5.02378067  5.22936856  5.44286722  5.66446451  5.89433638
6.1326439   6.37952992  6.63511533  6.89949481  7.17273201  7.45485411
7.74584574  8.04564217  8.35412171  8.67109721  8.99630667  9.32940281
9.66994191 10.01737106 10.37101472 10.73006047 11.09354316 11.46032892
11.82909756 12.19832578 12.56627048 12.9309514  13.29013604 13.64132824
13.98175819 14.30837902 14.6178701  14.90664907 15.17089509 15.40658556
15.60954893 15.77553507 15.9003053  15.97974248 16.00998042 15.98754995
15.90953736 15.77374834 15.57886572 15.32459434 15.01177423 14.64245409
14.21991118 13.74861041 13.23409926 12.68284127 12.10199682 11.49916602
10.88211202 10.25848533  9.63556865  9.02005883  8.41789782  7.83415872
7.27298714  6.7375939   6.23029107  5.75256115  5.30514925  4.88816812
4.50120764  4.14344176  3.81372815  3.51069734  3.23282975  2.97852011
2.74612972  2.53402745  2.34062093  2.16437913  2.00384791  1.85765988
1.72453962  1.60330554  1.492869    1.39223166  1.30048146  1.21678777
1.1403961   1.07062251  1.00684809  0.9485135   0.89511374  0.84619326
0.80134129  0.76018758  0.72239845  0.6876732   0.65574082  0.62635697
0.59930136  0.57437525  0.5513993   0.53021158  0.51066582  0.49262982
0.47598402  0.46062027  0.44644065  0.43335645  0.42128731  0.41016036
0.39990952  0.39047482  0.38180184  0.37384119  0.36654802  0.35988163
0.35380507  0.34828482  0.34329047  0.33879447