0.0           0.05005005  0.1001001   0.15015015  0.2002002   0.25025025
0.3003003   0.35035035  0.4004004   0.45045045  0.5005005   0.55055055
0.6006006   0.65065065  0.7007007   0.75075075  0.8008008   0.85085085
0.9009009   0.95095095  1.001001    1.05105105  1.1011011   1.15115115
1.2012012   1.25125125  1.3013013   1.35135135  1.4014014   1.45145145
1.5015015   1.55155155  1.6016016   1.65165165  1.7017017   1.75175175
1.8018018   1.85185185  1.9019019   1.95195195  2.002002    2.05205205
2.1021021   2.15215215  2.2022022   2.25225225  2.3023023   2.35235235
2.4024024   2.45245245  2.5025025   2.55255255  2.6026026   2.65265265
2.7027027   2.75275275  2.8028028   2.85285285  2.9029029   2.95295295
3.003003    3.05305305  3.1031031   3.15315315  3.2032032   3.25325325
3.3033033   3.35335335  3.4034034   3.45345345  3.5035035   3.55355355
3.6036036   3.65365365  3.7037037   3.75375375  3.8038038   3.85385385
3.9039039   3.95395395  4.004004    4.05405405  4.1041041   4.15415415
4.2042042   4.25425425  4.3043043   4.35435435  4.4044044   4.45445445
4.5045045   4.55455455  4.6046046   4.65465465  4.7047047   4.75475475
4.8048048   4.85485485  4.9049049   4.95495495  5.00500501  5.05505506
5.10510511  5.15515516  5.20520521  5.25525526  5.30530531  5.35535536
5.40540541  5.45545546  5.50550551  5.55555556  5.60560561  5.65565566
5.70570571  5.75575576  5.80580581  5.85585586  5.90590591  5.95595596
6.00600601  6.05605606  6.10610611  6.15615616  6.20620621  6.25625626
6.30630631  6.35635636  6.40640641  6.45645646  6.50650651  6.55655656
6.60660661  6.65665666  6.70670671  6.75675676  6.80680681  6.85685686
6.90690691  6.95695696  7.00700701  7.05705706  7.10710711  7.15715716
7.20720721  7.25725726  7.30730731  7.35735736  7.40740741  7.45745746
7.50750751  7.55755756  7.60760761  7.65765766  7.70770771  7.75775776
7.80780781  7.85785786  7.90790791  7.95795796  8.00800801  8.05805806
8.10810811  8.15815816  8.20820821  8.25825826  8.30830831  8.35835836
8.40840841  8.45845846  8.50850851  8.55855856  8.60860861  8.65865866
8.70870871  8.75875876  8.80880881  8.85885886  8.90890891  8.95895896
9.00900901  9.05905906  9.10910911  9.15915916  9.20920921  9.25925926
9.30930931  9.35935936  9.40940941  9.45945946  9.50950951  9.55955956
9.60960961  9.65965966  9.70970971  9.75975976  9.80980981  9.85985986
9.90990991  9.95995996 10.01001001 10.06006006 10.11011011 10.16016016
10.21021021 10.26026026 10.31031031 10.36036036 10.41041041 10.46046046
10.51051051 10.56056056 10.61061061 10.66066066 10.71071071 10.76076076
10.81081081 10.86086086 10.91091091 10.96096096 11.01101101 11.06106106
11.11111111 11.16116116 11.21121121 11.26126126 11.31131131 11.36136136
11.41141141 11.46146146 11.51151151 11.56156156 11.61161161 11.66166166
11.71171171 11.76176176 11.81181181 11.86186186 11.91191191 11.96196196
12.01201201 12.06206206 12.11211211 12.16216216 12.21221221 12.26226226
12.31231231 12.36236236 12.41241241 12.46246246 12.51251251 12.56256256
12.61261261 12.66266266 12.71271271 12.76276276 12.81281281 12.86286286
12.91291291 12.96296296 13.01301301 13.06306306 13.11311311 13.16316316
13.21321321 13.26326326 13.31331331 13.36336336 13.41341341 13.46346346
13.51351351 13.56356356 13.61361361 13.66366366 13.71371371 13.76376376
13.81381381 13.86386386 13.91391391 13.96396396 14.01401401 14.06406406
14.11411411 14.16416416 14.21421421 14.26426426 14.31431431 14.36436436
14.41441441 14.46446446 14.51451451 14.56456456 14.61461461 14.66466466
14.71471471 14.76476476 14.81481481 14.86486486 14.91491491 14.96496496
15.01501502 15.06506507 15.11511512 15.16516517 15.21521522 15.26526527
15.31531532 15.36536537 15.41541542 15.46546547 15.51551552 15.56556557
15.61561562 15.66566567 15.71571572 15.76576577 15.81581582 15.86586587
15.91591592 15.96596597 16.01601602 16.06606607 16.11611612 16.16616617
16.21621622 16.26626627 16.31631632 16.36636637 16.41641642 16.46646647
16.51651652 16.56656657 16.61661662 16.66666667 16.71671672 16.76676677
16.81681682 16.86686687 16.91691692 16.96696697 17.01701702 17.06706707
17.11711712 17.16716717 17.21721722 17.26726727 17.31731732 17.36736737
17.41741742 17.46746747 17.51751752 17.56756757 17.61761762 17.66766767
17.71771772 17.76776777 17.81781782 17.86786787 17.91791792 17.96796797
18.01801802 18.06806807 18.11811812 18.16816817 18.21821822 18.26826827
18.31831832 18.36836837 18.41841842 18.46846847 18.51851852 18.56856857
18.61861862 18.66866867 18.71871872 18.76876877 18.81881882 18.86886887
18.91891892 18.96896897 19.01901902 19.06906907 19.11911912 19.16916917
19.21921922 19.26926927 19.31931932 19.36936937 19.41941942 19.46946947
19.51951952 19.56956957 19.61961962 19.66966967 19.71971972 19.76976977
19.81981982 19.86986987 19.91991992 19.96996997 20.02002002 20.07007007
20.12012012 20.17017017 20.22022022 20.27027027 20.32032032 20.37037037
20.42042042 20.47047047 20.52052052 20.57057057 20.62062062 20.67067067
20.72072072 20.77077077 20.82082082 20.87087087 20.92092092 20.97097097
21.02102102 21.07107107 21.12112112 21.17117117 21.22122122 21.27127127
21.32132132 21.37137137 21.42142142 21.47147147 21.52152152 21.57157157
21.62162162 21.67167167 21.72172172 21.77177177 21.82182182 21.87187187
21.92192192 21.97197197 22.02202202 22.07207207 22.12212212 22.17217217
22.22222222 22.27227227 22.32232232 22.37237237 22.42242242 22.47247247
22.52252252 22.57257257 22.62262262 22.67267267 22.72272272 22.77277277
22.82282282 22.87287287 22.92292292 22.97297297 23.02302302 23.07307307
23.12312312 23.17317317 23.22322322 23.27327327 23.32332332 23.37337337
23.42342342 23.47347347 23.52352352 23.57357357 23.62362362 23.67367367
23.72372372 23.77377377 23.82382382 23.87387387 23.92392392 23.97397397
24.02402402 24.07407407 24.12412412 24.17417417 24.22422422 24.27427427
24.32432432 24.37437437 24.42442442 24.47447447 24.52452452 24.57457457
24.62462462 24.67467467 24.72472472 24.77477477 24.82482482 24.87487487
24.92492492 24.97497497 25.02502503 25.07507508 25.12512513 25.17517518
25.22522523 25.27527528 25.32532533 25.37537538 25.42542543 25.47547548
25.52552553 25.57557558 25.62562563 25.67567568 25.72572573 25.77577578
25.82582583 25.87587588 25.92592593 25.97597598 26.02602603 26.07607608
26.12612613 26.17617618 26.22622623 26.27627628 26.32632633 26.37637638
26.42642643 26.47647648 26.52652653 26.57657658 26.62662663 26.67667668
26.72672673 26.77677678 26.82682683 26.87687688 26.92692693 26.97697698
27.02702703 27.07707708 27.12712713 27.17717718 27.22722723 27.27727728
27.32732733 27.37737738 27.42742743 27.47747748 27.52752753 27.57757758
27.62762763 27.67767768 27.72772773 27.77777778 27.82782783 27.87787788
27.92792793 27.97797798 28.02802803 28.07807808 28.12812813 28.17817818
28.22822823 28.27827828 28.32832833 28.37837838 28.42842843 28.47847848
28.52852853 28.57857858 28.62862863 28.67867868 28.72872873 28.77877878
28.82882883 28.87887888 28.92892893 28.97897898 29.02902903 29.07907908
29.12912913 29.17917918 29.22922923 29.27927928 29.32932933 29.37937938
29.42942943 29.47947948 29.52952953 29.57957958 29.62962963 29.67967968
29.72972973 29.77977978 29.82982983 29.87987988 29.92992993 29.97997998
30.03003003 30.08008008 30.13013013 30.18018018 30.23023023 30.28028028
30.33033033 30.38038038 30.43043043 30.48048048 30.53053053 30.58058058
30.63063063 30.68068068 30.73073073 30.78078078 30.83083083 30.88088088
30.93093093 30.98098098 31.03103103 31.08108108 31.13113113 31.18118118
31.23123123 31.28128128 31.33133133 31.38138138 31.43143143 31.48148148
31.53153153 31.58158158 31.63163163 31.68168168 31.73173173 31.78178178
31.83183183 31.88188188 31.93193193 31.98198198 32.03203203 32.08208208
32.13213213 32.18218218 32.23223223 32.28228228 32.33233233 32.38238238
32.43243243 32.48248248 32.53253253 32.58258258 32.63263263 32.68268268
32.73273273 32.78278278 32.83283283 32.88288288 32.93293293 32.98298298
33.03303303 33.08308308 33.13313313 33.18318318 33.23323323 33.28328328
33.33333333 33.38338338 33.43343343 33.48348348 33.53353353 33.58358358
33.63363363 33.68368368 33.73373373 33.78378378 33.83383383 33.88388388
33.93393393 33.98398398 34.03403403 34.08408408 34.13413413 34.18418418
34.23423423 34.28428428 34.33433433 34.38438438 34.43443443 34.48448448
34.53453453 34.58458458 34.63463463 34.68468468 34.73473473 34.78478478
34.83483483 34.88488488 34.93493493 34.98498498 35.03503504 35.08508509
35.13513514 35.18518519 35.23523524 35.28528529 35.33533534 35.38538539
35.43543544 35.48548549 35.53553554 35.58558559 35.63563564 35.68568569
35.73573574 35.78578579 35.83583584 35.88588589 35.93593594 35.98598599
36.03603604 36.08608609 36.13613614 36.18618619 36.23623624 36.28628629
36.33633634 36.38638639 36.43643644 36.48648649 36.53653654 36.58658659
36.63663664 36.68668669 36.73673674 36.78678679 36.83683684 36.88688689
36.93693694 36.98698699 37.03703704 37.08708709 37.13713714 37.18718719
37.23723724 37.28728729 37.33733734 37.38738739 37.43743744 37.48748749
37.53753754 37.58758759 37.63763764 37.68768769 37.73773774 37.78778779
37.83783784 37.88788789 37.93793794 37.98798799 38.03803804 38.08808809
38.13813814 38.18818819 38.23823824 38.28828829 38.33833834 38.38838839
38.43843844 38.48848849 38.53853854 38.58858859 38.63863864 38.68868869
38.73873874 38.78878879 38.83883884 38.88888889 38.93893894 38.98898899
39.03903904 39.08908909 39.13913914 39.18918919 39.23923924 39.28928929
39.33933934 39.38938939 39.43943944 39.48948949 39.53953954 39.58958959
39.63963964 39.68968969 39.73973974 39.78978979 39.83983984 39.88988989
39.93993994 39.98998999 40.04004004 40.09009009 40.14014014 40.19019019
40.24024024 40.29029029 40.34034034 40.39039039 40.44044044 40.49049049
40.54054054 40.59059059 40.64064064 40.69069069 40.74074074 40.79079079
40.84084084 40.89089089 40.94094094 40.99099099 41.04104104 41.09109109
41.14114114 41.19119119 41.24124124 41.29129129 41.34134134 41.39139139
41.44144144 41.49149149 41.54154154 41.59159159 41.64164164 41.69169169
41.74174174 41.79179179 41.84184184 41.89189189 41.94194194 41.99199199
42.04204204 42.09209209 42.14214214 42.19219219 42.24224224 42.29229229
42.34234234 42.39239239 42.44244244 42.49249249 42.54254254 42.59259259
42.64264264 42.69269269 42.74274274 42.79279279 42.84284284 42.89289289
42.94294294 42.99299299 43.04304304 43.09309309 43.14314314 43.19319319
43.24324324 43.29329329 43.34334334 43.39339339 43.44344344 43.49349349
43.54354354 43.59359359 43.64364364 43.69369369 43.74374374 43.79379379
43.84384384 43.89389389 43.94394394 43.99399399 44.04404404 44.09409409
44.14414414 44.19419419 44.24424424 44.29429429 44.34434434 44.39439439
44.44444444 44.49449449 44.54454454 44.59459459 44.64464464 44.69469469
44.74474474 44.79479479 44.84484484 44.89489489 44.94494494 44.99499499
45.04504505 45.0950951  45.14514515 45.1951952  45.24524525 45.2952953
45.34534535 45.3953954  45.44544545 45.4954955  45.54554555 45.5955956
45.64564565 45.6956957  45.74574575 45.7957958  45.84584585 45.8958959
45.94594595 45.995996   46.04604605 46.0960961  46.14614615 46.1961962
46.24624625 46.2962963  46.34634635 46.3963964  46.44644645 46.4964965
46.54654655 46.5965966  46.64664665 46.6966967  46.74674675 46.7967968
46.84684685 46.8968969  46.94694695 46.996997   47.04704705 47.0970971
47.14714715 47.1971972  47.24724725 47.2972973  47.34734735 47.3973974
47.44744745 47.4974975  47.54754755 47.5975976  47.64764765 47.6976977
47.74774775 47.7977978  47.84784785 47.8978979  47.94794795 47.997998
48.04804805 48.0980981  48.14814815 48.1981982  48.24824825 48.2982983
48.34834835 48.3983984  48.44844845 48.4984985  48.54854855 48.5985986
48.64864865 48.6986987  48.74874875 48.7987988  48.84884885 48.8988989
48.94894895 48.998999   49.04904905 49.0990991  49.14914915 49.1991992
49.24924925 49.2992993  49.34934935 49.3993994  49.44944945 49.4994995
49.54954955 49.5995996  49.64964965 49.6996997  49.74974975 49.7997998
49.84984985 49.8998999  49.94994995 50.0